0
605943000390070000007600504040055503000290000202540790003634265
1
723000000000080630004000204000000201000470010002570290113734630
2
705055000900070000003000000000000517000190000004550196352733410
3
203055630300040300001000003030001100100190400000561790004132076
4
548030003300070444408000734030000402520590000309750690003547840
5
303250000314050909002000000005033203000030000001441797335142065
6
403055000300060616002000000070102515710480200006561590005257932
7
533030000300050707004000003050002102110292400002560760004445342
8
503000000006565000004000704000330523400395000000560490003543420
9
604031000300070110043000400030000203000097100002660490112425230
10
624043000300050300026041101035000203110290001004540450413576520
11
755000000300080000009000404050200423000390000004860690002537610
12
503030000300070000063000030050030625073090107002660470001435620
13
415033000300070330006000900030002505000390000006670690003437421
14
704030000300070600005009004000000101341190003003560480113823010
15
302030000300070121002000122010084102052090134002751620006011873
16
603000000000070000062000335000022324000090240002671490001644210
17
404054300300040534404000000000004525411192500006550692003337322
27
403099000300070870003000003000004203410690000947330690002433374
38
735232000350070101003100043000060202100290000102430390033633320